bin,#recs,#g,#b,%g,%b,tot,cg,cb,%cg,FDR,KS,FPR,Fraud Savings,FP Loss,Overall Savings
0.0,0.0,0.0,0.0,0.0,0.0,0.0,0.0,0.0,0.0,0.0,0.0,0.0,0.0,0.0,0.0
1.0,256.0,24.0,232.0,9.375,90.625,256.0,24.0,232.0,0.09612688749148876,35.52833078101072,35.43220389351924,0.10344827586206896,92800.0,480.0,92320.0
2.0,256.0,77.0,179.0,30.078125,69.921875,512.0,101.0,411.0,0.40453398486001524,62.94027565084227,62.53574166598225,0.24574209245742093,164400.0,2020.0,162380.0
3.0,257.0,157.0,100.0,61.08949416342413,38.91050583657587,769.0,258.0,511.0,1.0333640405335043,78.25421133231241,77.22084729177891,0.5048923679060665,204400.0,5160.0,199240.0
4.0,256.0,226.0,30.0,88.28125,11.71875,1025.0,484.0,541.0,1.9385588977450234,82.84839203675345,80.90983313900843,0.8946395563770795,216400.0,9680.0,206720.0
5.0,256.0,236.0,20.0,92.1875,7.8125,1281.0,720.0,561.0,2.883806624744663,85.91117917304747,83.02737254830281,1.2834224598930482,224400.0,14400.0,210000.0
6.0,256.0,240.0,16.0,93.75,6.25,1537.0,960.0,577.0,3.8450754996595506,88.3614088820827,84.51633338242314,1.6637781629116117,230800.0,19200.0,211600.0
7.0,256.0,251.0,5.0,98.046875,1.953125,1793.0,1211.0,582.0,4.850402531341371,89.1271056661562,84.27670313481482,2.0807560137457046,232800.0,24220.0,208580.0
8.0,257.0,253.0,4.0,98.44357976653697,1.5564202334630295,2050.0,1464.0,586.0,5.863740136980815,89.739663093415,83.8759229564342,2.4982935153583616,234400.0,29280.0,205120.0
9.0,256.0,251.0,5.0,98.046875,1.953125,2306.0,1715.0,591.0,6.869067168662634,90.50535987748852,83.63629270882588,2.9018612521150593,236400.0,34300.0,202100.0
10.0,256.0,250.0,6.0,97.65625,2.34375,2562.0,1965.0,597.0,7.870388913365643,91.42419601837672,83.55380710501107,3.291457286432161,238800.0,39300.0,199500.0
11.0,256.0,248.0,8.0,96.875,3.125,2818.0,2213.0,605.0,8.863700084111027,92.64931087289433,83.7856107887833,3.6578512396694216,242000.0,44260.0,197740.0
12.0,256.0,250.0,6.0,97.65625,2.34375,3074.0,2463.0,611.0,9.865021828814035,93.56814701378254,83.7031251849685,4.031096563011457,244400.0,49260.0,195140.0
13.0,257.0,253.0,4.0,98.44357976653697,1.5564202334630295,3331.0,2716.0,615.0,10.878359434453479,94.18070444104134,83.30234500658787,4.416260162601626,246000.0,54320.0,191680.0
14.0,256.0,254.0,2.0,99.21875,0.78125,3587.0,2970.0,617.0,11.895702327071735,94.48698315467075,82.59128082759902,4.813614262560778,246800.0,59400.0,187400.0
15.0,256.0,255.0,1.0,99.609375,0.390625,3843.0,3225.0,618.0,12.917050506668803,94.64012251148546,81.72307200481666,5.218446601941747,247200.0,64500.0,182700.0
16.0,256.0,255.0,1.0,99.609375,0.390625,4099.0,3480.0,619.0,13.93839868626587,94.79326186830015,80.85486318203428,5.621970920840065,247600.0,69600.0,178000.0
17.0,256.0,256.0,0.0,100.0,0.0,4355.0,3736.0,619.0,14.963752152841751,94.79326186830015,79.8295097154584,6.035541195476575,247600.0,74720.0,172880.0
18.0,257.0,254.0,3.0,98.83268482490273,1.1673151750972721,4612.0,3990.0,622.0,15.981095045460007,95.25267993874425,79.27158489328424,6.414790996784566,248800.0,79800.0,169000.0
19.0,256.0,253.0,3.0,98.828125,1.171875,4868.0,4243.0,625.0,16.99443265109945,95.71209800918837,78.71766535808891,6.7888,250000.0,84860.0,165140.0
20.0,256.0,254.0,2.0,99.21875,0.78125,5124.0,4497.0,627.0,18.011775543717707,96.01837672281776,78.00660117910006,7.172248803827751,250800.0,89940.0,160860.0
21.0,256.0,255.0,1.0,99.609375,0.390625,5380.0,4752.0,628.0,19.033123723314777,96.17151607963247,77.1383923563177,7.56687898089172,251200.0,95040.0,156160.0
22.0,256.0,256.0,0.0,100.0,0.0,5636.0,5008.0,628.0,20.058477189890656,96.17151607963247,76.11303888974182,7.974522292993631,251200.0,100160.0,151040.0
23.0,257.0,255.0,2.0,99.22178988326849,0.7782101167315147,5893.0,5263.0,630.0,21.079825369487725,96.47779479326186,75.39796942377414,8.353968253968254,252000.0,105260.0,146740.0
24.0,256.0,256.0,0.0,100.0,0.0,6149.0,5519.0,630.0,22.105178836063605,96.47779479326186,74.37261595719826,8.760317460317461,252000.0,110380.0,141620.0
25.0,256.0,256.0,0.0,100.0,0.0,6405.0,5775.0,630.0,23.130532302639484,96.47779479326186,73.34726249062238,9.166666666666666,252000.0,115500.0,136500.0
26.0,256.0,255.0,1.0,99.609375,0.390625,6661.0,6030.0,631.0,24.151880482236553,96.63093415007657,72.47905366784002,9.556259904912837,252400.0,120600.0,131800.0
27.0,256.0,256.0,0.0,100.0,0.0,6917.0,6286.0,631.0,25.177233948812432,96.63093415007657,71.45370020126414,9.961965134706814,252400.0,125720.0,126680.0
28.0,257.0,257.0,0.0,100.0,0.0,7174.0,6543.0,631.0,26.206592702367125,96.63093415007657,70.42434144770945,10.369255150554675,252400.0,130860.0,121540.0
29.0,256.0,256.0,0.0,100.0,0.0,7430.0,6799.0,631.0,27.231946168943004,96.63093415007657,69.39898798113356,10.774960380348652,252400.0,135980.0,116420.0
30.0,256.0,253.0,3.0,98.828125,1.171875,7686.0,7052.0,634.0,28.24528377458245,97.09035222052067,68.84506844593822,11.123028391167193,253600.0,141040.0,112560.0
31.0,256.0,256.0,0.0,100.0,0.0,7942.0,7308.0,634.0,29.27063724115833,97.09035222052067,67.81971497936235,11.526813880126182,253600.0,146160.0,107440.0
32.0,256.0,255.0,1.0,99.609375,0.390625,8198.0,7563.0,635.0,30.291985420755395,97.24349157733538,66.95150615657998,11.910236220472441,254000.0,151260.0,102740.0
33.0,257.0,256.0,1.0,99.61089494163424,0.3891050583657574,8455.0,7819.0,636.0,31.317338887331278,97.39663093415008,66.07929204681881,12.294025157232705,254400.0,156380.0,98020.0
34.0,256.0,256.0,0.0,100.0,0.0,8711.0,8075.0,636.0,32.34269235390716,97.39663093415008,65.05393858024291,12.696540880503145,254400.0,161500.0,92900.0
35.0,256.0,256.0,0.0,100.0,0.0,8967.0,8331.0,636.0,33.36804582048304,97.39663093415008,64.02858511366705,13.099056603773585,254400.0,166620.0,87780.0
36.0,256.0,255.0,1.0,99.609375,0.390625,9223.0,8586.0,637.0,34.3893940000801,97.54977029096477,63.16037629088467,13.478806907378337,254800.0,171720.0,83080.0
37.0,256.0,256.0,0.0,100.0,0.0,9479.0,8842.0,637.0,35.41474746665599,97.54977029096477,62.135022824308784,13.880690737833595,254800.0,176840.0,77960.0
38.0,257.0,256.0,1.0,99.61089494163424,0.3891050583657574,9736.0,9098.0,638.0,36.44010093323187,97.70290964777948,61.26280871454761,14.260188087774294,255200.0,181960.0,73240.0
39.0,256.0,256.0,0.0,100.0,0.0,9992.0,9354.0,638.0,37.46545439980775,97.70290964777948,60.23745524797173,14.661442006269592,255200.0,187080.0,68120.0
40.0,256.0,256.0,0.0,100.0,0.0,10248.0,9610.0,638.0,38.490807866383626,97.70290964777948,59.21210178139585,15.06269592476489,255200.0,192200.0,63000.0
41.0,256.0,256.0,0.0,100.0,0.0,10504.0,9866.0,638.0,39.516161332959506,97.70290964777948,58.18674831481997,15.463949843260188,255200.0,197320.0,57880.0
42.0,256.0,255.0,1.0,99.609375,0.390625,10760.0,10121.0,639.0,40.537509512556575,97.85604900459418,57.31853949203761,15.838810641627543,255600.0,202420.0,53180.0
43.0,257.0,257.0,0.0,100.0,0.0,11017.0,10378.0,639.0,41.566868266111264,97.85604900459418,56.28918073848292,16.241001564945226,255600.0,207560.0,48040.0
44.0,256.0,256.0,0.0,100.0,0.0,11273.0,10634.0,639.0,42.59222173268715,97.85604900459418,55.26382727190703,16.641627543035995,255600.0,212680.0,42920.0
45.0,256.0,256.0,0.0,100.0,0.0,11529.0,10890.0,639.0,43.61757519926303,97.85604900459418,54.238473805331154,17.04225352112676,255600.0,217800.0,37800.0
46.0,256.0,253.0,3.0,98.828125,1.171875,11785.0,11143.0,642.0,44.63091280490247,98.31546707503828,53.68455427013581,17.356697819314643,256800.0,222860.0,33940.0
47.0,256.0,256.0,0.0,100.0,0.0,12041.0,11399.0,642.0,45.65626627147835,98.31546707503828,52.65920080355993,17.75545171339564,256800.0,227980.0,28820.0
48.0,257.0,257.0,0.0,100.0,0.0,12298.0,11656.0,642.0,46.68562502503304,98.31546707503828,51.629842050005244,18.15576323987539,256800.0,233120.0,23680.0
49.0,256.0,256.0,0.0,100.0,0.0,12554.0,11912.0,642.0,47.71097849160893,98.31546707503828,50.60448858342936,18.554517133956388,256800.0,238240.0,18560.0
50.0,256.0,254.0,2.0,99.21875,0.78125,12810.0,12166.0,644.0,48.72832138422718,98.62174578866768,49.8934244044405,18.891304347826086,257600.0,243320.0,14280.0
51.0,256.0,256.0,0.0,100.0,0.0,13066.0,12422.0,644.0,49.75367485080306,98.62174578866768,48.86807093786462,19.288819875776397,257600.0,248440.0,9160.0
52.0,256.0,256.0,0.0,100.0,0.0,13322.0,12678.0,644.0,50.77902831737894,98.62174578866768,47.84271747128874,19.68633540372671,257600.0,253560.0,4040.0
53.0,257.0,256.0,1.0,99.61089494163424,0.3891050583657574,13579.0,12934.0,645.0,51.80438178395482,98.77488514548239,46.97050336152757,20.052713178294574,258000.0,258680.0,-680.0
54.0,256.0,256.0,0.0,100.0,0.0,13835.0,13190.0,645.0,52.8297352505307,98.77488514548239,45.94514989495168,20.449612403100776,258000.0,263800.0,-5800.0
55.0,256.0,256.0,0.0,100.0,0.0,14091.0,13446.0,645.0,53.85508871710658,98.77488514548239,44.919796428375804,20.846511627906978,258000.0,268920.0,-10920.0
56.0,256.0,256.0,0.0,100.0,0.0,14347.0,13702.0,645.0,54.88044218368246,98.77488514548239,43.894442961799925,21.24341085271318,258000.0,274040.0,-16040.0
57.0,256.0,256.0,0.0,100.0,0.0,14603.0,13958.0,645.0,55.90579565025834,98.77488514548239,42.869089495224046,21.64031007751938,258000.0,279160.0,-21160.0
58.0,257.0,256.0,1.0,99.61089494163424,0.3891050583657574,14860.0,14214.0,646.0,56.93114911683422,98.92802450229709,41.99687538546287,22.0030959752322,258400.0,284280.0,-25880.0
59.0,256.0,256.0,0.0,100.0,0.0,15116.0,14470.0,646.0,57.9565025834101,98.92802450229709,40.97152191888699,22.39938080495356,258400.0,289400.0,-31000.0
60.0,256.0,256.0,0.0,100.0,0.0,15372.0,14726.0,646.0,58.98185604998598,98.92802450229709,39.94616845231111,22.795665634674922,258400.0,294520.0,-36120.0
61.0,256.0,256.0,0.0,100.0,0.0,15628.0,14982.0,646.0,60.007209516561865,98.92802450229709,38.92081498573523,23.191950464396285,258400.0,299640.0,-41240.0
62.0,256.0,256.0,0.0,100.0,0.0,15884.0,15238.0,646.0,61.032562983137744,98.92802450229709,37.89546151915935,23.58823529411765,258400.0,304760.0,-46360.0
63.0,257.0,256.0,1.0,99.61089494163424,0.3891050583657574,16141.0,15494.0,647.0,62.05791644971362,99.0811638591118,37.023247409398174,23.94744976816074,258800.0,309880.0,-51080.0
64.0,256.0,256.0,0.0,100.0,0.0,16397.0,15750.0,647.0,63.0832699162895,99.0811638591118,35.997893942822294,24.343122102009275,258800.0,315000.0,-56200.0
65.0,256.0,256.0,0.0,100.0,0.0,16653.0,16006.0,647.0,64.10862338286539,99.0811638591118,34.97254047624641,24.738794435857805,258800.0,320120.0,-61320.0
66.0,256.0,256.0,0.0,100.0,0.0,16909.0,16262.0,647.0,65.13397684944127,99.0811638591118,33.94718700967053,25.134466769706336,258800.0,325240.0,-66440.0
67.0,256.0,254.0,2.0,99.21875,0.78125,17165.0,16516.0,649.0,66.15131974205951,99.3874425727412,33.23612283068168,25.44838212634823,259600.0,330320.0,-70720.0
68.0,257.0,257.0,0.0,100.0,0.0,17422.0,16773.0,649.0,67.18067849561422,99.3874425727412,32.20676407712698,25.84437596302003,259600.0,335460.0,-75860.0
69.0,256.0,256.0,0.0,100.0,0.0,17678.0,17029.0,649.0,68.2060319621901,99.3874425727412,31.181410610551097,26.238828967642526,259600.0,340580.0,-80980.0
70.0,256.0,256.0,0.0,100.0,0.0,17934.0,17285.0,649.0,69.23138542876598,99.3874425727412,30.156057143975218,26.633281972265024,259600.0,345700.0,-86100.0
71.0,256.0,256.0,0.0,100.0,0.0,18190.0,17541.0,649.0,70.25673889534185,99.3874425727412,29.13070367739934,27.02773497688752,259600.0,350820.0,-91220.0
72.0,256.0,256.0,0.0,100.0,0.0,18446.0,17797.0,649.0,71.28209236191773,99.3874425727412,28.10535021082346,27.422187981510014,259600.0,355940.0,-96340.0
73.0,257.0,257.0,0.0,100.0,0.0,18703.0,18054.0,649.0,72.31145111547242,99.3874425727412,27.07599145726877,27.818181818181817,259600.0,361080.0,-101480.0
74.0,256.0,256.0,0.0,100.0,0.0,18959.0,18310.0,649.0,73.3368045820483,99.3874425727412,26.05063799069289,28.212634822804315,259600.0,366200.0,-106600.0
75.0,256.0,256.0,0.0,100.0,0.0,19215.0,18566.0,649.0,74.36215804862418,99.3874425727412,25.025284524117012,28.60708782742681,259600.0,371320.0,-111720.0
76.0,256.0,256.0,0.0,100.0,0.0,19471.0,18822.0,649.0,75.38751151520006,99.3874425727412,23.999931057541133,29.001540832049308,259600.0,376440.0,-116840.0
77.0,256.0,256.0,0.0,100.0,0.0,19727.0,19078.0,649.0,76.41286498177594,99.3874425727412,22.974577590965254,29.395993836671803,259600.0,381560.0,-121960.0
78.0,257.0,257.0,0.0,100.0,0.0,19984.0,19335.0,649.0,77.44222373533064,99.3874425727412,21.94521883741055,29.791987673343606,259600.0,386700.0,-127100.0
79.0,256.0,255.0,1.0,99.609375,0.390625,20240.0,19590.0,650.0,78.4635719149277,99.5405819295559,21.0770100146282,30.138461538461538,260000.0,391800.0,-131800.0
80.0,256.0,256.0,0.0,100.0,0.0,20496.0,19846.0,650.0,79.48892538150359,99.5405819295559,20.051656548052307,30.532307692307693,260000.0,396920.0,-136920.0
81.0,256.0,256.0,0.0,100.0,0.0,20752.0,20102.0,650.0,80.51427884807947,99.5405819295559,19.026303081476428,30.926153846153845,260000.0,402040.0,-142040.0
82.0,256.0,256.0,0.0,100.0,0.0,21008.0,20358.0,650.0,81.53963231465535,99.5405819295559,18.00094961490055,31.32,260000.0,407160.0,-147160.0
83.0,257.0,257.0,0.0,100.0,0.0,21265.0,20615.0,650.0,82.56899106821004,99.5405819295559,16.97159086134586,31.715384615384615,260000.0,412300.0,-152300.0
84.0,256.0,255.0,1.0,99.609375,0.390625,21521.0,20870.0,651.0,83.59033924780711,99.6937212863706,16.103382038563495,32.05837173579109,260400.0,417400.0,-157000.0
85.0,256.0,256.0,0.0,100.0,0.0,21777.0,21126.0,651.0,84.61569271438299,99.6937212863706,15.078028571987616,32.45161290322581,260400.0,422520.0,-162120.0
86.0,256.0,256.0,0.0,100.0,0.0,22033.0,21382.0,651.0,85.64104618095887,99.6937212863706,14.052675105411737,32.844854070660524,260400.0,427640.0,-167240.0
87.0,256.0,256.0,0.0,100.0,0.0,22289.0,21638.0,651.0,86.66639964753475,99.6937212863706,13.027321638835858,33.23809523809524,260400.0,432760.0,-172360.0
88.0,257.0,257.0,0.0,100.0,0.0,22546.0,21895.0,651.0,87.69575840108944,99.6937212863706,11.997962885281169,33.63287250384025,260400.0,437900.0,-177500.0
89.0,256.0,256.0,0.0,100.0,0.0,22802.0,22151.0,651.0,88.72111186766531,99.6937212863706,10.97260941870529,34.02611367127496,260400.0,443020.0,-182620.0
90.0,256.0,256.0,0.0,100.0,0.0,23058.0,22407.0,651.0,89.7464653342412,99.6937212863706,9.94725595212941,34.41935483870968,260400.0,448140.0,-187740.0
91.0,256.0,256.0,0.0,100.0,0.0,23314.0,22663.0,651.0,90.77181880081707,99.6937212863706,8.921902485553531,34.812596006144396,260400.0,453260.0,-192860.0
92.0,256.0,255.0,1.0,99.609375,0.390625,23570.0,22918.0,652.0,91.79316698041414,99.8468606431853,8.053693662771153,35.15030674846626,260800.0,458360.0,-197560.0
93.0,257.0,257.0,0.0,100.0,0.0,23827.0,23175.0,652.0,92.82252573396885,99.8468606431853,7.024334909216449,35.54447852760736,260800.0,463500.0,-202700.0
94.0,256.0,256.0,0.0,100.0,0.0,24083.0,23431.0,652.0,93.84787920054472,99.8468606431853,5.99898144264057,35.93711656441718,260800.0,468620.0,-207820.0
95.0,256.0,256.0,0.0,100.0,0.0,24339.0,23687.0,652.0,94.8732326671206,99.8468606431853,4.973627976064691,36.329754601226995,260800.0,473740.0,-212940.0
96.0,256.0,256.0,0.0,100.0,0.0,24595.0,23943.0,652.0,95.89858613369648,99.8468606431853,3.9482745094888116,36.72239263803681,260800.0,478860.0,-218060.0
97.0,256.0,256.0,0.0,100.0,0.0,24851.0,24199.0,652.0,96.92393960027236,99.8468606431853,2.9229210429129324,37.11503067484663,260800.0,483980.0,-223180.0
98.0,257.0,257.0,0.0,100.0,0.0,25108.0,24456.0,652.0,97.95329835382705,99.8468606431853,1.8935622893582433,37.50920245398773,260800.0,489120.0,-228320.0
99.0,256.0,256.0,0.0,100.0,0.0,25364.0,24712.0,652.0,98.97865182040293,99.8468606431853,0.8682088227823641,37.90184049079755,260800.0,494240.0,-233440.0
100.0,256.0,255.0,1.0,99.609375,0.390625,25620.0,24967.0,653.0,100.0,100.0,0.0,38.234303215926495,261200.0,499340.0,-238140.0
